X2 = [0.57057
1.56665
1.01913
0.9179
-0.2496
-0.0585
1.9574
-0.6388
-1.5951
1.4209
-1.0343
0.4236
-1.0967
-1.6096
0.0079
1.3099
-0.9238
-1.1727
-1.0813
-1.475
0.29
0.261
-0.9285
0.0358
1.1664
0.12293
1.487
-0.3555
-1.2198
0.5685
-0.0124
-0.156
-0.9631
-0.3453
-0.5592
-0.637
1.1901
-0.9668
-0.7493
-1.6001
0.8048
-1.1019
-0.7027
-0.7597
1.5026
-0.595
-0.1398
-1.4483
-1.441
1.2789
0.93272
-1.6604
1.4369
0.5633
0.9646
0.462
1.0986
0.9888
-0.5729
-1.1051
1.4011
1.4449
0.417
0.8847
-0.2688
1.0129
-1.3342
-0.5867
-1.0411
-0.7890
-0.0246
0.7139
-0.4389
-0.4092
1.3494
-0.48152
-0.6269
-1.2637
-0.9584
-0.8003
-0.1384
1.2736
-0.6158
0.1276
-0.7729
0.4013
0.5666
-0.6014
1.4585
-1.3337
-0.7503
-1.4079
-1.7150
-0.3396
-1.5630
-0.0920
0.4708
1.6367
1.7043
-0.5162
-0.95024
0.42132
0.1475
-0.8385
1.7391
1.6545
0.0715
1.1281
0.8454
0.5318
-0.467
1.3945
-1.3173
-1.0501
-1.0619
1.0251
-1.2134
-0.1253
-0.2822
-0.1511
1.0206
-1.6867
-0.3927
-1.6269
0.0082
-1.00482
1.0866
0.9602
0.1289
-1.7243
1.4314
1.0188
-0.3251
-1.1068
1.3352
1.8676
-1.3235
-1.1753
-1.0399
0.6525
-1.1432
-0.0706
-0.7759
-0.9567
0.0313
-1.2948
1.1773
-0.4282
-0.5922
-0.8130
1.04136
-0.7575
0.0995
-1.0538
1.2285
0.9718
0.1462
0.8213
-1.8727
-0.6512
1.148
0.4777
0.9303
-0.8546
-1.0733
-0.3987
0.1675
-1.4324
-1.3206
-1.0823
1.9005
0.799
-1.1383
-1.6016
-0.1474
-1.29893
-1.2522
-0.9311
-0.6098
-1.4396
1.3614
0.4495
0.984
-1.4463
0.6518
-1.2335
-1.5757
-1.1251
-0.3672
0.3174
-1.0336
0.539
0.3622
-1.6304
0.302
-1.0383
1.5051
-0.5885
-0.1240
0.9141
0.579128550000000;1.59014975000000;1.03441695000000;0.931668500000000;-0.253344000000000;-0.0593775000000000;1.98676100000000;-0.648382000000000;-1.61902650000000;1.44221350000000;-1.04981450000000;0.429954000000000;-1.11315050000000;-1.63374400000000;0.00801850000000000;1.32954850000000;-0.937657000000000;-1.19029050000000;-1.09751950000000;-1.49712500000000;0.294350000000000;0.264915000000000;-0.942427500000000;0.0363370000000000;1.18389600000000;0.124773950000000;1.50930500000000;-0.360832500000000;-1.23809700000000;0.577027500000000;-0.0125860000000000;-0.158340000000000;-0.977546500000000;-0.350479500000000;-0.567588000000000;-0.646555000000000;1.20795150000000;-0.981302000000000;-0.760539500000000;-1.62410150000000;0.816872000000000;-1.11842850000000;-0.713240500000000;-0.771095500000000;1.52513900000000;-0.603925000000000;-0.141897000000000;-1.47002450000000;-1.46261500000000;1.29808350000000;0.946710800000000;-1.68530600000000;1.45845350000000;0.571749500000000;0.979069000000000;0.468930000000000;1.11507900000000;1.00363200000000;-0.581493500000000;-1.12167650000000;1.42211650000000;1.46657350000000;0.423255000000000;0.897970500000000;-0.272832000000000;1.02809350000000;-1.35421300000000;-0.595500500000000;-1.05671650000000;-0.800835000000000;-0.0249690000000000;0.724608500000000;-0.445483500000000;-0.415338000000000;1.36964100000000;-0.488742800000000;-0.636303500000000;-1.28265550000000;-0.972776000000000;-0.812304500000000;-0.140476000000000;1.29270400000000;-0.625037000000000;0.129514000000000;-0.784493500000000;0.407319500000000;0.575099000000000;-0.610421000000000;1.48037750000000;-1.35370550000000;-0.761554500000000;-1.42901850000000;-1.74072500000000;-0.344694000000000;-1.58644500000000;-0.0933800000000000;0.477862000000000;1.66125050000000;1.72986450000000;-0.523943000000000;-0.964493600000000;0.427639800000000;0.149712500000000;-0.851077500000000;1.76518650000000;1.67931750000000;0.0725725000000000;1.14502150000000;0.858081000000000;0.539777000000000;-0.474005000000000;1.41541750000000;-1.33705950000000;-1.06585150000000;-1.07782850000000;1.04047650000000;-1.23160100000000;-0.127179500000000;-0.286433000000000;-0.153366500000000;1.03590900000000;-1.71200050000000;-0.398590500000000;-1.65130350000000;0.00832300000000000;-1.01989230000000;1.10289900000000;0.974603000000000;0.130833500000000;-1.75016450000000;1.45287100000000;1.03408200000000;-0.329976500000000;-1.12340200000000;1.35522800000000;1.89561400000000;-1.34335250000000;-1.19292950000000;-1.05549850000000;0.662287500000000;-1.16034800000000;-0.0716590000000000;-0.787538500000000;-0.971050500000000;0.0317695000000000;-1.31422200000000;1.19495950000000;-0.434623000000000;-0.601083000000000;-0.825195000000000;1.05698040000000;-0.768862500000000;0.100992500000000;-1.06960700000000;1.24692750000000;0.986377000000000;0.148393000000000;0.833619500000000;-1.90079050000000;-0.660968000000000;1.16522000000000;0.484865500000000;0.944254500000000;-0.867419000000000;-1.08939950000000;-0.404680500000000;0.170012500000000;-1.45388600000000;-1.34040900000000;-1.09853450000000;1.92900750000000;0.810985000000000;-1.15537450000000;-1.62562400000000;-0.149611000000000;-1.31841395000000;-1.27098300000000;-0.945066500000000;-0.618947000000000;-1.46119400000000;1.38182100000000;0.456242500000000;0.998760000000000;-1.46799450000000;0.661577000000000;-1.25200250000000;-1.59933550000000;-1.14197650000000;-0.372708000000000;0.322161000000000;-1.04910400000000;0.547085000000000;0.367633000000000;-1.65485600000000;0.306530000000000;-1.05387450000000;1.52767650000000;-0.597327500000000;-0.125860000000000;0.927811500000000];

